50
7 3 0 8 4 0 11 1 6 0
1 12 3 14 8 19 20 0 4 9
6 17 8 3 3 18 18 0 20 2
6 10 15 7 1 3 19 4 2 1
5 8 9 10 11 11 15 17 19 19
9 15 3 8 11 20 0 2 19 10
19 17 15 13 11 9 7 5 3 1
0 0 0 9 7 3 2 10 20 14
17 17 17 17 17 17 17 17 17 17
20 0 0 0 0 0 0 0 0 0
16 4 16 4 15 18 15 4 14 3
8 10 6 15 11 14 11 4 14 19
12 15 11 5 18 19 0 10 16 18
15 2 12 20 8 10 5 2 4 14
10 13 14 0 9 19 7 17 20 1
3 6 8 9 18 5 2 3 1 10
0 20 0 20 17 3 6 12 19 11
0 1 2 3 4 5 15 9 6 8
9 5 17 3 14 2 6 7 7 5
15 14 13 12 11 11 12 13 14 15
6 9 6 9 6 9 6 9 6 9
11 20 4 10 8 8 3 15 20 17
19 18 0 8 9 1 16 0 10 7
10 2 20 5 19 7 15 10 14 0
14 19 10 16 2 5 17 6 5 19
19 10 5 8 1 6 12 7 4 6
15 12 1 1 13 0 3 5 14 2
15 8 1 3 8 17 2 14 6 4
0 1 16 17 0 1 16 14 0 3
19 1 6 13 1 5 1 16 10 9
7 7 7 7 7 5 5 5 5 5
0 8 12 10 9 12 3 6 14 0
17 4 4 17 8 0 13 17 6 19
12 0 12 10 10 3 9 19 0 19
9 0 3 16 11 4 2 18 4 12
10 20 2 1 8 6 17 10 7 0
11 2 4 3 11 6 5 11 16 4
6 0 15 4 18 0 20 6 8 20
1 1 2 2 18 9 15 20 0 0
11 7 17 2 6 7 15 5 15 15
17 6 3 10 7 13 17 13 2 16
20 1 3 2 5 0 1 1 0 4
2 15 18 2 1 6 8 2 8 15
1 2 7 1 6 1 17 12 1 2
4 6 5 2 7 10 17 20 0 18
18 20 7 9 3 15 4 5 11 17
20 13 11 9 8 6 5 3 1 0
1 16 16 9 17 11 11 12 10 0
10 4 19 14 11 2 10 17 6 15
1 2 3 4 5 6 7 8 9 10